0 FILE Lego Ideas Portal 2 Set.io
0 Untitled Model
0 Name:  Lego Ideas Portal 2 Set
0 Author:  
0 CustomBrick
0 NumOfBricks:  300
1 72 -0.000800 -32.000100 0.000500 1.000009 0.000000 0.000000 0.000000 1.000000 0.000000 0.000000 0.000000 1.000009 89523.dat
0 STEP
1 71 39.999700 -40.000100 40.000500 0.000000 0.000000 -1.000009 0.000000 1.000000 0.000000 1.000009 0.000000 0.000000 26601.dat
1 71 -40.001300 -40.000100 40.000500 -1.000009 0.000000 0.000000 0.000000 1.000000 0.000000 0.000000 0.000000 -1.000009 26601.dat
1 71 -40.001300 -40.000100 -40.000000 0.000000 0.000000 1.000009 0.000000 1.000000 0.000000 -1.000009 0.000000 0.000000 26601.dat
1 71 39.999700 -40.000100 -40.000000 1.000009 0.000000 0.000000 0.000000 1.000000 0.000000 0.000000 0.000000 1.000009 26601.dat
0 STEP
1 71 -0.000800 -40.000100 0.000500 1.000009 0.000000 0.000000 0.000000 1.000000 0.000000 0.000000 0.000000 1.000009 3068b.dat
1 71 -40.001300 -40.000100 0.000500 1.000009 0.000000 0.000000 0.000000 1.000000 0.000000 0.000000 0.000000 1.000009 3068b.dat
1 71 -0.000800 -40.000100 40.000500 1.000009 0.000000 0.000000 0.000000 1.000000 0.000000 0.000000 0.000000 1.000009 3068b.dat
1 71 39.999700 -40.000100 0.000500 1.000009 0.000000 0.000000 0.000000 1.000000 0.000000 0.000000 0.000000 1.000009 3068b.dat
1 71 -0.000800 -40.000100 -40.000000 1.000009 0.000000 0.000000 0.000000 1.000000 0.000000 0.000000 0.000000 1.000009 3068b.dat
0 STEP
1 71 59.999800 -24.000100 -60.000500 1.000000 0.000000 0.000000 0.000000 1.000000 0.000000 0.000000 0.000000 1.000000 14413.dat
1 71 59.999700 -24.000100 60.000500 0.000000 0.000000 -1.000009 0.000000 1.000000 0.000000 1.000009 0.000000 0.000000 14413.dat
0 STEP
1 71 -0.000800 -24.000100 -60.000500 0.000000 0.000000 -1.000000 0.000000 1.000000 0.000000 1.000000 0.000000 0.000000 3001.dat
1 71 -0.000800 -24.000100 60.000500 0.000000 0.000000 -1.000000 0.000000 1.000000 0.000000 1.000000 0.000000 0.000000 3001.dat
0 STEP
1 71 -50.001300 -24.000100 -70.000500 0.000000 0.000000 1.000000 0.000000 1.000000 0.000000 -1.000000 0.000000 0.000000 2462.dat
1 71 -50.001300 -24.000100 70.001000 -1.000000 0.000000 0.000000 0.000000 1.000000 0.000000 0.000000 0.000000 -1.000000 2462.dat
0 STEP
1 71 89.999690 -24.000100 0.000000 0.000000 0.000000 1.000009 0.000000 1.000000 0.000000 -1.000009 0.000000 0.000000 3004.dat
0 STEP
1 16 -140.000300 23.999900 0.000500 1.000000 0.000000 0.000000 0.000000 1.000000 0.000000 0.000000 0.000000 1.000000 base arm
0 STEP
1 72 -100.001800 -24.000100 0.000500 0.000000 0.000000 1.000009 0.000000 1.000000 0.000000 -1.000009 0.000000 0.000000 15068.dat
0 STEP
1 16 -177.561300 -235.828200 -55.999500 1.000000 0.000000 0.000015 -0.000015 0.000000 1.000003 0.000000 -1.000003 0.000000 arm pt2
0 STEP
1 0 -177.562800 -235.827100 0.000500 0.000001 0.573579 0.819152 0.000001 -0.819154 0.573579 1.000003 0.000000 -0.000001 2780.dat
0 STEP
1 16 -160.001800 -287.999200 -3.999000 0.906312 -0.422609 0.000000 0.422611 0.906315 0.000000 0.000000 0.000000 1.000003 arm pt3
0 STEP
1 16 -177.563300 -235.827100 56.000500 1.000000 0.000001 -0.000012 -0.000012 0.000000 -1.000000 -0.000001 1.000000 0.000000 arm pt2
0 STEP
1 16 -107.353800 -369.338800 -14.002000 0.927837 -0.372999 0.000000 0.373003 0.927839 -0.000001 0.000000 0.000001 1.000000 arm pt4 left
0 STEP
1 0 -59.655600 -465.176500 0.000500 0.000000 -0.730162 0.683274 0.000001 0.683268 0.730164 -1.000000 0.000001 0.000000 2780.dat
0 STEP
1 16 -107.353800 -369.343500 16.001000 0.927832 -0.372999 0.000000 0.372999 0.927832 -0.000001 0.000000 0.000001 1.000000 arm pt4 right
0 STEP
1 16 22.624700 -407.539300 0.000000 0.998540 0.054071 0.000000 -0.054070 0.998537 -0.000001 -0.000001 0.000001 1.000000 arm top
0 STEP
1 72 107.730200 -454.636300 -10.002000 0.000000 -0.120140 -0.992762 -0.000001 0.992764 -0.120144 1.000000 0.000001 0.000001 30552.dat
1 72 110.223800 -454.343500 13.999000 0.000000 0.054071 -0.998540 -0.000001 0.998537 0.054070 1.000000 0.000001 0.000001 30552.dat
0 STEP
1 16 27.729700 -470.644700 19.998000 0.998542 0.054071 0.000000 -0.054068 0.998545 -0.000001 -0.000001 0.000001 1.000000 arm roof
1 16 30.705300 -470.805800 -19.998500 -0.998542 0.054071 0.000000 0.054068 0.998545 0.000001 0.000001 0.000001 -1.000000 arm roof
0 STEP
1 16 -180.000300 -180.000000 0.000000 1.000000 0.000000 0.000000 0.000000 1.000000 0.000000 0.000000 0.000000 1.000000 cake room
0 STEP
1 71 -159.561800 -235.828100 0.000500 0.000000 -1.000000 0.000000 0.000000 0.000000 1.000000 -1.000000 0.000000 0.000000 10202.dat
0 STEP
1 16 -175.562800 -215.827100 206.000500 0.000000 0.000000 1.000000 1.000000 0.000000 0.000000 0.000000 1.000000 0.000000 middle plate
0 STEP
1 16 -175.561800 -255.828200 -205.999500 0.000000 0.000000 1.000000 -1.000000 0.000000 0.000000 0.000000 -1.000000 0.000000 middle plate
0 STEP
1 0 -148.681400 -72.823500 50.000500 0.258821 0.000000 0.965926 -0.965926 0.000000 0.258821 0.000000 -1.000000 0.000000 32523.dat
1 0 -148.681900 -72.823500 -48.949700 0.258821 0.000000 0.965925 -0.965925 0.000000 0.258821 0.000000 -1.000000 0.000000 32523.dat
1 0 -168.000300 -78.000000 -38.949700 0.000000 -0.819150 0.573579 0.000000 -0.573579 -0.819150 1.000000 0.000000 0.000000 2780.dat
1 0 -168.000300 -78.000000 40.000500 0.000000 -0.000002 -1.000000 0.000000 1.000000 -0.000002 1.000000 0.000000 0.000000 2780.dat
1 16 -111.970000 -49.276600 0.000500 0.906309 0.422616 0.000000 -0.422616 0.906309 0.000000 0.000000 0.000000 1.000000 lower arm plate
0 STEP
1 16 40.000000 -72.000000 0.000000 1.000000 0.000000 0.000000 0.000000 1.000000 0.000000 0.000000 0.000000 1.000000 body
0 STEP
1 16 2080.000000 32.287900 180.000000 0.000001 -1.000000 0.000000 -1.000000 -0.000001 0.000000 0.000000 0.000000 -1.000000 top string
0 STEP
0 NOFILE
0 FILE base ARM
0 base ARM
0 Name:  base ARM
0 Author:  
0 CustomBrick
0 NumOfBricks:  17
1 71 120.000200 -48.000500 9.999599 -1.000000 0.000004 0.000000 0.000004 1.000000 0.000000 0.000000 0.000000 -1.000000 2730.dat
0 STEP
1 0 60.000100 -38.000300 -0.000400 0.000000 0.000004 -1.000000 0.000000 1.000000 0.000004 1.000000 0.000000 0.000000 2780.dat
0 STEP
1 71 120.000100 -48.000500 -10.000600 -1.000000 0.000004 0.000000 0.000004 1.000000 0.000000 0.000000 0.000000 -1.000000 2730.dat
0 STEP
1 0 40.000100 -38.000200 -20.000400 0.000000 0.000004 -1.000000 0.000000 1.000000 0.000004 1.000000 0.000000 0.000000 2780.dat
1 0 40.000100 -38.000200 19.999600 0.000000 0.000004 -1.000000 0.000000 1.000000 0.000004 1.000000 0.000000 0.000000 2780.dat
0 STEP
1 71 -40.000100 -117.999900 -28.950500 0.799998 0.000000 0.600003 -0.600003 0.000000 0.799998 0.000000 -1.000000 0.000000 6629.dat
0 STEP
1 0 80.000100 -38.000400 -0.000400 0.000000 0.000004 -1.000000 0.000000 1.000000 0.000004 1.000000 0.000000 0.000000 3705.dat
0 STEP
1 0 -40.000100 -117.999900 -0.000500 0.000000 0.600003 -0.799998 0.000000 0.799998 0.600003 1.000000 0.000000 0.000000 3705.dat
1 0 -15.999800 -86.000000 -20.000300 0.000000 -0.000002 -1.000000 0.000000 1.000000 -0.000002 1.000000 0.000000 0.000000 2780.dat
0 STEP
1 71 -37.558900 -119.828200 -10.000400 0.819146 0.000000 0.573585 -0.573585 -0.000001 0.819146 0.000000 -1.000000 -0.000001 44225.dat
0 STEP
1 72 -37.558900 -119.828300 -10.000400 1.000001 -0.000001 -0.000016 -0.000014 0.000001 -0.999999 0.000001 1.000000 0.000001 44224.dat
0 STEP
1 0 -37.559800 -179.828200 -0.000300 0.000000 0.000015 -1.000000 0.000000 1.000000 0.000015 1.000000 0.000000 0.000000 2780.dat
1 0 -3.143700 -70.679500 -0.000400 0.000000 -0.766034 -0.642795 0.000000 0.642792 -0.766040 1.000000 0.000000 -0.000001 2780.dat
0 STEP
1 72 -37.558700 -119.828500 9.999599 -1.000004 0.000001 -0.000011 0.000013 0.000000 -0.999999 -0.000001 -1.000000 0.000000 44224.dat
0 STEP
1 71 -37.558700 -119.828100 9.999599 -0.819147 0.000001 0.573586 0.573586 0.000000 0.819144 0.000001 1.000000 -0.000001 44225.dat
0 STEP
1 0 -15.999800 -86.000000 19.999600 0.000000 -0.000002 -1.000000 0.000000 1.000000 -0.000002 1.000000 0.000000 0.000000 2780.dat
0 STEP
1 71 -40.000100 -117.999900 29.999600 0.799998 0.000000 0.600003 -0.600003 0.000000 0.799998 0.000000 -1.000000 0.000000 6629.dat
0 STEP
0 NOFILE
0 FILE ARM pt2
0 ARM pt2
0 Name:  ARM pt2
0 Author:  
0 CustomBrick
0 NumOfBricks:  8
1 71 0.000000 -26.000000 0.000000 1.000000 0.000000 0.000000 0.000000 1.000000 0.000000 0.000000 0.000000 1.000000 32525.dat
1 0 0.000000 -36.000000 100.000000 0.000000 -1.000000 0.000000 -1.000000 0.000000 0.000000 0.000000 0.000000 -1.000000 2780.dat
1 0 0.000000 -36.000000 -60.000000 0.000000 -1.000000 0.000000 -1.000000 0.000000 0.000000 0.000000 0.000000 -1.000000 2780.dat
1 0 0.000000 -36.000000 -100.000000 0.000000 -1.000000 0.000000 -1.000000 0.000000 0.000000 0.000000 0.000000 -1.000000 2780.dat
1 0 0.000000 -36.000000 60.000000 0.000000 -1.000000 0.000000 -1.000000 0.000000 0.000000 0.000000 0.000000 -1.000000 2780.dat
1 71 0.000000 -26.000000 -20.000000 0.000000 0.000000 -1.000000 -1.000000 0.000000 0.000000 0.000000 1.000000 0.000000 32054.dat
1 71 0.000000 -26.000000 20.000000 0.000000 0.000000 -1.000000 -1.000000 0.000000 0.000000 0.000000 1.000000 0.000000 32054.dat
1 71 10.000000 -46.000000 0.000000 0.000000 -1.000000 0.000000 0.000000 0.000000 -1.000000 1.000000 0.000000 0.000000 3701.dat
0 NOFILE
0 FILE ARM pt3
0 ARM pt3
0 Name:  ARM pt3
0 Author:  
0 CustomBrick
0 NumOfBricks:  10
1 72 -53.033600 -72.179000 -6.000300 -0.906305 0.000000 0.422623 0.422618 -0.000001 0.906308 0.000001 1.000000 0.000001 44224.dat
0 STEP
1 0 -27.676200 -17.800400 3.999800 0.000000 -0.422623 0.906303 0.000000 -0.906309 -0.422618 1.000000 0.000000 0.000000 2780.dat
0 STEP
1 72 -53.034700 -72.177200 13.999800 0.906308 0.000000 0.422619 -0.422620 0.000000 0.906308 0.000000 -1.000000 0.000000 44224.dat
0 STEP
1 71 -53.033500 -72.178790 -6.000300 -0.927830 0.000000 0.372996 -0.372995 0.000000 -0.927837 0.000000 -1.000000 -0.000001 44225.dat
0 STEP
1 0 -30.653700 -127.849000 3.999700 -0.000001 0.956802 -0.290713 0.000000 0.290708 0.956815 1.000000 0.000001 -0.000001 2780.dat
0 STEP
1 71 -53.033400 -72.179000 13.999700 0.927831 0.000000 0.372995 0.372996 -0.000002 -0.927837 0.000001 1.000000 -0.000001 44225.dat
0 STEP
1 0 -38.113500 -109.292300 -16.000500 0.000000 0.372995 0.927834 0.000000 -0.927834 0.372995 1.000000 0.000000 0.000000 2780.dat
1 0 -23.193700 -146.405500 -16.000400 0.000000 0.837729 0.546082 0.000000 -0.546087 0.837731 1.000000 0.000000 0.000000 2780.dat
1 0 -23.193900 -146.405900 23.999600 0.000000 0.372997 0.927833 0.000001 -0.927833 0.372997 1.000000 0.000001 -0.000001 2780.dat
1 0 -38.113600 -109.292400 23.999600 0.000000 0.837729 0.546082 0.000000 -0.546087 0.837731 1.000000 0.000000 0.000000 2780.dat
0 STEP
0 NOFILE
0 FILE ARM pt4 left
0 ARM pt4 left
0 Name:  ARM pt4 left
0 Author:  
0 CustomBrick
0 NumOfBricks:  6
1 71 -25.300500 -70.460200 -16.000300 0.906312 0.000000 0.422609 0.422609 0.000000 -0.906312 0.000000 1.000000 0.000000 32524.dat
1 0 0.056100 -124.838900 -6.000300 0.000000 0.000000 1.000000 0.000000 1.000000 0.000000 -1.000000 0.000000 0.000000 2780.dat
0 STEP
1 0 -25.300500 -70.460200 -6.000300 0.000000 0.000000 1.000000 0.000000 1.000000 0.000000 -1.000000 0.000000 0.000000 2780.dat
0 STEP
1 72 -25.300500 -70.460200 3.999700 0.000000 -0.422620 -0.906307 0.000000 -0.906307 0.422620 -1.000000 0.000000 0.000000 32013.dat
1 71 8.508500 -106.712700 3.999800 -0.906307 -0.422621 0.000000 0.422621 -0.906307 0.000000 0.000000 0.000000 1.000000 42003.dat
0 STEP
1 0 73.840700 -115.110300 3.999800 0.906307 0.422621 0.000000 -0.422621 0.906307 0.000000 0.000000 0.000000 1.000000 3737.dat
0 STEP
0 NOFILE
0 FILE ARM pt4 right
0 ARM pt4 right
0 Name:  ARM pt4 right
0 Author:  
0 CustomBrick
0 NumOfBricks:  6
1 71 -25.300700 -70.460490 13.999600 0.906312 0.000000 0.422609 0.422609 0.000000 -0.906312 0.000000 1.000000 0.000000 32524.dat
1 0 -25.296800 -70.459400 3.999500 0.000000 0.000003 1.000000 0.000000 1.000000 0.000000 -1.000000 0.000000 0.000000 2780.dat
0 STEP
1 0 0.059700 -124.838400 3.999500 0.000000 0.000003 1.000000 0.000000 1.000000 0.000000 -1.000000 0.000000 0.000000 2780.dat
0 STEP
1 72 -25.297000 -70.459500 -6.000800 0.000000 -0.422622 -0.906307 0.000000 -0.906307 0.422619 -1.000000 0.000000 0.000000 32013.dat
1 71 8.512000 -106.711900 -6.000700 -0.906307 -0.422624 0.000000 0.422621 -0.906307 0.000000 0.000000 0.000000 1.000000 42003.dat
0 STEP
1 0 73.844200 -115.109500 -6.000700 0.906306 0.422624 0.000000 -0.422621 0.906307 0.000000 0.000000 0.000000 1.000000 3737.dat
0 STEP
0 NOFILE
0 FILE ARM top
0 ARM top
0 Name:  ARM top
0 Author:  
0 CustomBrick
0 NumOfBricks:  39
1 71 10.000100 -60.000000 0.000000 1.000000 0.000000 0.000000 0.000000 1.000000 0.000000 0.000000 0.000000 1.000000 3034.dat
1 71 50.000100 -68.000000 10.000000 1.000000 0.000000 0.000000 0.000000 1.000000 0.000000 0.000000 0.000000 1.000000 92593.dat
1 71 -29.999900 -68.000000 10.000000 1.000000 0.000000 0.000000 0.000000 1.000000 0.000000 0.000000 0.000000 1.000000 92593.dat
1 71 -29.999900 -68.000000 -10.000000 1.000000 0.000000 0.000000 0.000000 1.000000 0.000000 0.000000 0.000000 1.000000 92593.dat
1 71 50.000100 -68.000000 -10.000000 1.000000 0.000000 0.000000 0.000000 1.000000 0.000000 0.000000 0.000000 1.000000 92593.dat
0 STEP
1 72 10.000100 -76.000000 10.000000 -1.000000 0.000000 0.000000 0.000000 1.000000 0.000000 0.000000 0.000000 -1.000000 93274.dat
1 72 10.000100 -76.000000 -10.000000 1.000000 0.000000 0.000000 0.000000 1.000000 0.000000 0.000000 0.000000 1.000000 93274.dat
0 STEP
1 72 70.000100 -76.000000 10.000000 -1.000000 0.000000 0.000000 0.000000 1.000000 0.000000 0.000000 0.000000 -1.000000 44728.dat
1 72 -49.999900 -76.000000 10.000000 -1.000000 0.000000 0.000000 0.000000 1.000000 0.000000 0.000000 0.000000 -1.000000 44728.dat
1 72 -49.999900 -76.000000 -10.000000 1.000000 0.000000 0.000000 0.000000 1.000000 0.000000 0.000000 0.000000 1.000000 44728.dat
1 72 70.000100 -76.000000 -10.000000 1.000000 0.000000 0.000000 0.000000 1.000000 0.000000 0.000000 0.000000 1.000000 44728.dat
0 STEP
1 71 10.000100 -84.000000 0.000000 1.000000 0.000000 0.000000 0.000000 1.000000 0.000000 0.000000 0.000000 1.000000 14769.dat
0 STEP
1 71 -59.999900 -52.000000 0.000000 0.000000 0.000000 1.000000 0.000000 1.000000 0.000000 -1.000000 0.000000 0.000000 32000.dat
1 71 -39.999900 -52.000000 0.000000 0.000000 0.000000 1.000000 0.000000 1.000000 0.000000 -1.000000 0.000000 0.000000 32000.dat
1 71 60.000100 -52.000000 0.000000 0.000000 0.000000 1.000000 0.000000 1.000000 0.000000 -1.000000 0.000000 0.000000 32000.dat
0 STEP
1 72 -49.999900 -28.000000 0.000000 1.000000 0.000000 0.000000 0.000000 1.000000 0.000000 0.000000 0.000000 1.000000 48169.dat
0 STEP
1 0 -50.000000 -4.000000 10.000000 -1.000000 0.000000 0.000000 0.000000 1.000000 0.000000 0.000000 0.000000 -1.000000 99207.dat
1 0 -49.999900 -4.000000 -10.000000 1.000000 0.000000 0.000000 0.000000 1.000000 0.000000 0.000000 0.000000 1.000000 99207.dat
0 STEP
1 16 0.000200 0.000600 32.000000 1.000000 0.000000 0.000000 0.000000 1.000000 0.000000 0.000000 0.000000 1.000000 arm top right
0 STEP
1 16 0.000700 0.000600 -44.000000 1.000000 0.000000 0.000000 0.000000 1.000000 0.000000 0.000000 0.000000 1.000000 arm top left
0 STEP
0 NOFILE
0 FILE ARM top right
0 ARM top right
0 Name:  ARM top right
0 Author:  
0 CustomBrick
0 NumOfBricks:  11
1 72 10.000000 -66.000600 0.000000 1.000000 0.000000 0.000000 0.000000 0.000000 1.000000 0.000000 -1.000000 0.000000 3460.dat
0 STEP
1 72 -50.000000 -56.000600 24.000000 1.000000 0.000000 0.000000 0.000000 0.000000 1.000000 0.000000 -1.000000 0.000000 30165.dat
1 72 70.000000 -56.000500 24.000000 1.000000 0.000000 0.000000 0.000000 0.000000 1.000000 0.000000 -1.000000 0.000000 30165.dat
1 72 30.000000 -56.000600 24.000000 1.000000 0.000000 0.000000 0.000000 0.000000 1.000000 0.000000 -1.000000 0.000000 30165.dat
0 STEP
1 72 30.000000 -46.000500 0.000000 1.000000 0.000000 0.000000 0.000000 0.000000 1.000000 0.000000 -1.000000 0.000000 3666.dat
0 STEP
1 0 -20.000000 -46.000500 8.000000 1.000000 0.000000 0.000000 0.000000 0.000000 1.000000 0.000000 -1.000000 0.000000 15712.dat
1 0 0.000000 -46.000500 8.000000 1.000000 0.000000 0.000000 0.000000 0.000000 1.000000 0.000000 -1.000000 0.000000 15712.dat
0 STEP
1 72 -50.000100 -26.000400 0.000000 0.000000 0.000000 1.000000 -1.000001 0.000000 0.000000 0.000000 -1.000001 0.000000 3021.dat
1 72 -50.000100 -16.000500 0.000000 1.000000 0.000000 0.000000 0.000000 0.000000 1.000001 0.000000 -1.000001 0.000000 18674.dat
1 72 -50.000100 -16.000400 8.000000 0.000000 0.000000 1.000000 -1.000000 0.000000 0.000000 0.000000 -1.000000 0.000000 18674.dat
1 0 -20.000000 -54.140500 14.000000 1.000000 0.000000 0.000000 0.000000 -1.000000 0.000000 0.000000 0.000000 -1.000000 88704.dat
0 STEP
0 NOFILE
0 FILE ARM top left
0 ARM top left
0 Name:  ARM top left
0 Author:  
0 CustomBrick
0 NumOfBricks:  10
1 72 9.999400 -66.000600 12.000000 -1.000000 0.000000 0.000000 0.000000 0.000000 1.000000 0.000000 1.000000 0.000000 3460.dat
0 STEP
1 72 69.999400 -56.000600 -12.000000 -1.000000 0.000000 0.000000 0.000000 0.000000 1.000000 0.000000 1.000000 0.000000 30165.dat
1 72 -50.000600 -56.000600 -12.000000 -1.000000 0.000000 0.000000 0.000000 0.000000 1.000000 0.000000 1.000000 0.000000 30165.dat
1 72 29.999400 -56.000600 -12.000000 -1.000000 0.000000 0.000000 0.000000 0.000000 1.000000 0.000000 1.000000 0.000000 30165.dat
0 STEP
1 72 29.999400 -46.000600 12.000000 -1.000000 0.000000 0.000000 0.000000 0.000000 1.000000 0.000000 1.000000 0.000000 3666.dat
0 STEP
1 0 -0.000600 -46.000600 4.000000 -1.000000 0.000000 0.000000 0.000000 0.000000 1.000000 0.000000 1.000000 0.000000 15712.dat
1 0 -20.000600 -46.000600 4.000000 -1.000000 0.000000 0.000000 0.000000 0.000000 1.000000 0.000000 1.000000 0.000000 15712.dat
0 STEP
1 72 -50.000600 -26.000600 12.000000 0.000000 0.000000 -1.000000 -1.000000 0.000000 0.000000 0.000000 1.000000 0.000000 3021.dat
1 72 -50.000600 -16.000600 4.000100 -1.000000 0.000000 0.000000 0.000000 0.000000 1.000000 0.000000 1.000000 0.000000 18674.dat
1 0 -20.000600 -55.350600 -2.000000 1.000000 0.000000 0.000000 0.000000 -1.000000 0.000000 0.000000 0.000000 -1.000000 88704.dat
0 STEP
0 NOFILE
0 FILE ARM roof
0 ARM roof
0 Name:  ARM roof
0 Author:  
0 CustomBrick
0 NumOfBricks:  3
1 15 1.490200 -21.262800 -19.998200 -1.000000 0.000000 0.000000 0.000000 1.000000 0.000000 0.000000 0.000000 -1.000000 27507.dat
1 15 1.489900 -21.263000 -19.998300 0.000000 0.000000 -1.000000 0.000000 1.000000 0.000000 1.000000 0.000000 0.000000 27507.dat
1 72 1.490100 -13.262800 50.001800 -1.000000 0.000000 0.000000 0.000000 1.000000 0.000000 0.000000 0.000000 -1.000000 2540.dat
0 NOFILE
0 FILE cake room
0 cake room
0 Name:  cake room
0 Author:  
0 CustomBrick
0 NumOfBricks:  30
1 72 -11.561300 -55.828100 0.000600 0.000000 -1.000000 0.000000 0.000000 0.000000 -1.000000 1.000000 0.000000 0.000000 3958.dat
0 STEP
1 71 -33.561300 -3.828100 -39.999400 0.000000 0.000000 -1.000000 0.000000 1.000000 0.000000 1.000000 0.000000 0.000000 99207.dat
1 71 -33.561300 -3.828100 0.000600 0.000000 0.000000 -1.000000 0.000000 1.000000 0.000000 1.000000 0.000000 0.000000 99207.dat
1 71 -33.561300 -3.828100 40.000600 0.000000 0.000000 -1.000000 0.000000 1.000000 0.000000 1.000000 0.000000 0.000000 99207.dat
0 STEP
1 71 -53.561300 -11.828100 -29.999400 0.000000 0.000000 -1.000000 0.000000 1.000000 0.000000 1.000000 0.000000 0.000000 11212.dat
1 71 -53.561300 -11.828100 30.000600 0.000000 0.000000 -1.000000 0.000000 1.000000 0.000000 1.000000 0.000000 0.000000 11212.dat
0 STEP
1 179 -33.561300 -19.828100 -49.999400 0.000000 0.000000 -1.000000 0.000000 1.000000 0.000000 1.000000 0.000000 0.000000 6141.dat
1 179 -73.561290 -19.828100 -49.999400 0.000000 0.000000 -1.000000 0.000000 1.000000 0.000000 1.000000 0.000000 0.000000 6141.dat
1 179 -73.561290 -19.828100 -29.999400 0.000000 0.000000 -1.000000 0.000000 1.000000 0.000000 1.000000 0.000000 0.000000 6141.dat
1 179 -33.561300 -19.828100 -29.999400 0.000000 0.000000 -1.000000 0.000000 1.000000 0.000000 1.000000 0.000000 0.000000 6141.dat
0 STEP
1 72 -53.561300 -27.828100 -39.999400 1.000000 0.000000 0.000000 0.000000 1.000000 0.000000 0.000000 0.000000 1.000000 3021.dat
1 72 -33.561300 -35.828100 -39.999400 0.000000 0.000000 -1.000000 0.000000 1.000000 0.000000 1.000000 0.000000 0.000000 3069b.dat
1 72 -63.561300 -35.828100 -39.999400 0.000000 0.000000 -1.000000 0.000000 1.000000 0.000000 1.000000 0.000000 0.000000 87580.dat
0 STEP
1 308 -63.561300 -59.828100 -39.999400 1.000000 0.000000 0.000000 0.000000 1.000000 0.000000 0.000000 0.000000 1.000000 92947.dat
1 4 -53.561300 -67.828090 -49.999400 1.000000 0.000000 0.000000 0.000000 1.000000 0.000000 0.000000 0.000000 1.000000 6141.dat
1 4 -73.561290 -67.828090 -49.999400 1.000000 0.000000 0.000000 0.000000 1.000000 0.000000 0.000000 0.000000 1.000000 6141.dat
1 4 -73.561290 -67.828090 -29.999400 1.000000 0.000000 0.000000 0.000000 1.000000 0.000000 0.000000 0.000000 1.000000 6141.dat
1 4 -53.561300 -67.828090 -29.999400 1.000000 0.000000 0.000000 0.000000 1.000000 0.000000 0.000000 0.000000 1.000000 6141.dat
1 15 -63.561300 -75.828090 -39.999400 1.000000 0.000000 0.000000 0.000000 1.000000 0.000000 0.000000 0.000000 1.000000 85861.dat
1 15 -63.561300 -83.828090 -39.999400 1.000000 0.000000 0.000000 0.000000 1.000000 0.000000 0.000000 0.000000 1.000000 85861.dat
1 57 -63.561300 -87.828090 -39.999400 1.000000 0.000000 0.000000 0.000000 1.000000 0.000000 0.000000 0.000000 1.000000 37775.dat
0 STEP
1 71 -19.561300 -65.828100 20.000600 0.000000 -1.000000 0.000000 0.000000 0.000000 1.000000 -1.000000 0.000000 0.000000 18677.dat
1 71 -29.561300 -75.828090 10.000600 0.000000 1.000000 0.000000 -1.000000 0.000000 0.000000 0.000000 0.000000 1.000000 4274.dat
1 71 -29.561300 -83.828090 10.000600 1.000000 0.000000 0.000000 0.000000 1.000000 0.000000 0.000000 0.000000 1.000000 20482.dat
1 179 -29.561300 -113.828100 10.000600 0.000000 -0.798638 0.601812 0.000000 -0.601812 -0.798638 1.000000 0.000000 0.000000 15341.dat
1 71 -29.561300 -113.828100 10.000600 -1.000000 0.000000 0.000000 0.000000 -1.000000 0.000000 0.000000 0.000000 1.000000 23443.dat
0 STEP
1 72 12.438200 -105.828100 -49.999400 0.000000 -1.000000 0.000000 1.000000 0.000000 0.000000 0.000000 0.000000 1.000000 3062b.dat
1 72 12.438200 -5.828100 -49.999400 0.000000 -1.000000 0.000000 1.000000 0.000000 0.000000 0.000000 0.000000 1.000000 3062b.dat
1 72 12.438200 -5.828100 50.000600 0.000000 -1.000000 0.000000 1.000000 0.000000 0.000000 0.000000 0.000000 1.000000 3062b.dat
1 72 12.438200 -105.828100 50.000600 0.000000 -1.000000 0.000000 1.000000 0.000000 0.000000 0.000000 0.000000 1.000000 3062b.dat
0 STEP
0 NOFILE
0 FILE middle plate
0 middle plate
0 Name:  middle plate
0 Author:  
0 CustomBrick
0 NumOfBricks:  4
1 71 0.000000 -64.000000 10.000000 1.000000 0.000000 0.000000 0.000000 0.000000 1.000000 0.000000 -1.000000 0.000000 10202.dat
1 71 0.000000 -114.000000 2.000000 1.000000 0.000000 0.000000 0.000000 0.000000 1.000000 0.000000 -1.000000 0.000000 14704.dat
1 71 0.000000 -94.000000 2.000000 -1.000000 0.000000 0.000000 0.000000 0.000000 -1.000000 0.000000 -1.000000 0.000000 32803.dat
1 71 0.000000 -146.000000 -2.000000 0.000000 0.000000 -1.000000 -1.000000 0.000000 0.000000 0.000000 1.000000 0.000000 2736.dat
0 NOFILE
0 FILE lower arm plate
0 lower arm plate
0 Name:  lower arm plate
0 Author:  
0 CustomBrick
0 NumOfBricks:  5
1 0 2.000000 -24.000000 -20.000000 0.000000 -1.000000 0.000000 0.000000 0.000000 1.000000 -1.000000 0.000000 0.000000 2817.dat
1 0 2.000000 -24.000000 20.000000 0.000000 -1.000000 0.000000 0.000000 0.000000 1.000000 -1.000000 0.000000 0.000000 2817.dat
1 0 -8.000000 -24.000000 -40.000000 0.000000 -1.000000 -0.000015 0.000000 0.000015 -1.000000 1.000000 0.000000 0.000000 2780.dat
1 0 -8.000000 -24.000000 40.000000 0.000000 -1.000000 -0.000015 0.000000 0.000015 -1.000000 1.000000 0.000000 0.000000 2780.dat
1 71 10.000000 -64.000000 0.000000 0.000000 -1.000000 0.000000 1.000000 0.000000 0.000000 0.000000 0.000000 1.000000 10202.dat
0 NOFILE
0 FILE body
0 body
0 Name:  body
0 Author:  
0 CustomBrick
0 NumOfBricks:  119
1 0 -8.363100 -354.053600 0.000000 -0.998537 0.000000 -0.054069 0.054070 0.000000 -0.998537 0.000000 -1.000000 0.000000 47455.dat
1 72 3.784900 -314.652900 0.000000 -0.054071 -0.998537 0.000000 -0.998537 0.054071 0.000000 0.000000 0.000000 -1.000000 48171.dat
0 STEP
1 71 7.029000 -254.740700 0.000000 -0.054071 -0.998537 0.000000 -0.998537 0.054071 0.000000 0.000000 0.000000 -1.000000 3001.dat
0 STEP
1 72 10.273600 -194.828300 0.000000 0.054071 -0.998537 0.000000 0.998537 0.054071 0.000000 0.000000 0.000000 1.000000 48171.dat
1 0 2.451070 -154.346100 0.000000 0.054071 0.000000 0.998537 0.998537 0.000000 -0.054071 0.000000 1.000000 0.000000 47455.dat
0 STEP
1 0 17.180500 -215.231600 10.000000 -0.054071 -0.998537 0.000000 -0.998537 0.054071 0.000000 0.000000 0.000000 -1.000000 2436a.dat
1 0 17.180100 -215.231700 -10.000000 0.054071 -0.998537 0.000000 0.998537 0.054071 0.000000 0.000000 0.000000 1.000000 2436a.dat
1 0 12.854700 -295.114700 10.000000 -0.054071 -0.998537 0.000000 -0.998537 0.054071 0.000000 0.000000 0.000000 -1.000000 2436a.dat
1 0 12.854700 -295.114700 -10.000000 0.054071 -0.998537 0.000000 0.998537 0.054071 0.000000 0.000000 0.000000 1.000000 2436a.dat
0 STEP
1 72 -19.098400 -293.384400 10.000000 -0.054071 -0.998537 0.000000 -0.998537 0.054071 0.000000 0.000000 0.000000 -1.000000 99780.dat
1 72 -16.935800 -253.443000 10.000000 -0.054071 -0.998537 0.000000 -0.998537 0.054071 0.000000 0.000000 0.000000 -1.000000 99780.dat
1 72 -14.772800 -213.501500 10.000000 -0.054071 -0.998537 0.000000 -0.998537 0.054071 0.000000 0.000000 0.000000 -1.000000 99780.dat
1 72 -19.098400 -293.384400 -10.000000 0.054071 -0.998537 0.000000 0.998537 0.054071 0.000000 0.000000 0.000000 1.000000 99780.dat
1 72 -16.935800 -253.442800 -10.000000 0.054071 -0.998537 0.000000 0.998537 0.054071 0.000000 0.000000 0.000000 1.000000 99780.dat
1 72 -14.772800 -213.501400 -10.000000 0.054071 -0.998537 0.000000 0.998537 0.054071 0.000000 0.000000 0.000000 1.000000 99780.dat
0 STEP
1 0 -24.924100 -253.010400 -10.000000 0.054071 -0.998537 0.000000 0.998537 0.054071 0.000000 0.000000 0.000000 1.000000 2436a.dat
1 0 -24.924100 -253.010400 10.000000 -0.054071 -0.998537 0.000000 -0.998537 0.054071 0.000000 0.000000 0.000000 -1.000000 2436a.dat
0 STEP
1 0 -13.316700 -223.594900 32.000000 -0.998537 0.000001 -0.054071 0.054071 0.000000 -0.998537 -0.000001 -1.000000 0.000000 63864.dat
1 0 -16.560800 -283.507200 32.000000 -0.998537 0.000001 -0.054071 0.054071 0.000000 -0.998537 -0.000001 -1.000000 0.000000 63864.dat
1 0 -24.924100 -253.010400 32.000000 -0.054071 0.000000 0.998537 -0.998537 0.000000 -0.054071 0.000000 -1.000000 0.000000 15535.dat
1 0 5.572900 -244.647000 32.000000 0.998537 0.000000 0.054071 -0.054071 0.000000 0.998537 0.000000 -1.000000 0.000000 15712.dat
1 0 4.491400 -264.617900 32.000000 0.998537 0.000000 0.054071 -0.054071 0.000000 0.998537 0.000000 -1.000000 0.000000 15712.dat
1 0 5.053900 -254.232900 38.000000 0.998538 -0.000003 -0.054071 -0.054071 0.000000 -0.998537 0.000003 1.000000 0.000000 4697b.dat
1 71 -24.924100 -253.010400 32.000000 0.000000 0.998537 -0.054071 0.000000 -0.054071 -0.998537 -1.000000 0.000000 0.000000 4274.dat
0 STEP
1 0 -13.316700 -223.594900 -32.000000 -0.998537 0.000001 0.054071 0.054071 0.000000 0.998537 0.000001 1.000000 0.000000 63864.dat
1 0 -16.560800 -283.507200 -32.000000 -0.998537 0.000001 0.054071 0.054071 0.000000 0.998537 0.000001 1.000000 0.000000 63864.dat
1 0 -24.924100 -253.010300 -32.000000 -0.054071 0.000000 -0.998537 -0.998537 0.000000 0.054071 0.000000 1.000000 0.000000 15535.dat
1 0 4.491400 -264.618100 -32.000000 0.998536 0.000000 -0.054071 -0.054071 0.000000 -0.998537 0.000000 0.999999 0.000000 15712.dat
1 0 5.572900 -244.647000 -32.000000 0.998537 0.000000 -0.054071 -0.054071 0.000000 -0.998537 0.000000 1.000000 0.000000 15712.dat
1 0 5.016300 -254.922200 -38.000000 -0.998514 -0.006962 -0.054071 0.054070 0.000377 -0.998537 0.006972 -0.999976 0.000000 4697b.dat
1 71 -24.574500 -250.875900 -32.000000 0.000000 0.998539 0.054071 0.000000 -0.054071 0.998539 1.000000 0.000000 0.000000 4274.dat
0 STEP
1 72 23.005600 -255.605700 0.000000 -0.054071 -0.998537 0.000000 -0.998537 0.054071 0.000000 0.000000 0.000000 -1.000000 3709b.dat
1 0 45.348300 -286.859500 0.000000 0.000000 -0.998537 0.054071 0.000000 0.054071 0.998537 -1.000000 0.000000 0.000000 3937.dat
1 0 42.041700 -293.761900 0.000000 0.000000 -0.667840 -0.744306 0.000000 0.744306 -0.667840 1.000000 0.000000 0.000000 6134.dat
1 72 49.674500 -206.976500 0.000000 0.000000 -0.998537 -0.054071 0.000000 0.054071 -0.998537 1.000000 0.000000 0.000000 2432.dat
0 STEP
1 0 1.247300 -324.530100 -32.000000 -0.799680 0.000000 -0.600428 -0.600428 0.000000 0.799680 0.000000 1.000000 0.000000 15712.dat
1 0 1.247300 -324.530100 32.000000 -0.789111 0.000000 0.614254 -0.614254 0.000000 -0.789111 0.000000 -1.000000 0.000000 15712.dat
0 STEP
1 14 38.716500 -372.665900 38.000000 0.614253 -0.789110 0.000000 -0.789110 -0.614253 0.000000 0.000000 0.000000 -1.000000 73590b.dat copy 5
0 STEP
1 0 -22.220500 -203.083400 0.000000 0.000000 -0.998537 0.054071 0.000000 0.054071 0.998537 -1.000000 0.000000 0.000000 32803.dat
1 71 -21.139000 -183.112700 0.000000 0.000000 -0.998537 -0.054071 0.000000 0.054071 -0.998537 1.000000 0.000000 0.000000 2540.dat
1 72 -13.150700 -183.545300 0.000000 0.000000 -0.998537 0.054071 0.000000 0.054071 0.998537 -1.000000 0.000000 0.000000 3023.dat
0 STEP
1 0 -26.546200 -282.966500 0.000000 0.000000 -0.998537 0.054071 0.000000 0.054071 0.998537 -1.000000 0.000000 0.000000 3023.dat
0 STEP
1 0 -27.627200 -302.937200 0.000000 0.000000 -0.998537 0.054071 0.000000 0.054071 0.998537 -1.000000 0.000000 0.000000 99206.dat
1 71 -34.592100 -320.586400 0.000000 0.000000 0.054071 0.998537 0.000000 0.998537 -0.054071 -1.000000 0.000000 0.000000 11476.dat
0 STEP
1 0 8.817100 -184.734800 -32.000000 -0.054069 0.000000 -0.998537 -0.998537 0.000000 0.054069 0.000000 1.000000 0.000000 26047.dat
1 71 28.787800 -185.816200 -30.000000 -0.746709 0.662950 -0.054069 0.040433 -0.035897 -0.998537 -0.663921 -0.747803 0.000000 48729b.dat
1 72 48.921600 -186.906400 -52.710900 0.054069 -0.662950 0.746709 0.998537 0.035897 -0.040433 0.000000 0.747803 0.663921 4740.dat
1 36 54.225300 -187.193500 -58.693400 0.054069 -0.662950 0.746709 0.998537 0.035897 -0.040433 0.000000 0.747803 0.663921 98138.dat
0 STEP
1 72 15.680400 -94.974590 0.000000 -0.054071 -0.998537 0.000000 -0.998537 0.054071 0.000000 0.000000 0.000000 -1.000000 48169.dat
0 STEP
1 0 23.128600 -105.392700 110.000000 0.000000 -0.998537 -0.054071 0.000000 0.054071 -0.998537 1.000000 0.000000 0.000000 76384.dat copy 7
1 0 23.128100 -105.392600 -110.000000 0.000000 -0.998537 -0.054071 0.000000 0.054071 -0.998537 1.000000 0.000000 0.000000 76384.dat copy 6
1 72 24.209700 -85.421800 0.000000 0.000000 -0.998537 -0.054071 0.000000 0.054071 -0.998537 1.000000 0.000000 0.000000 14704.dat
0 STEP
1 0 31.656900 -95.839800 -10.000000 -0.054071 -0.998537 0.000000 -0.998537 0.054071 0.000000 0.000000 0.000000 -1.000000 2412b.dat
1 0 31.656900 -95.839800 10.000000 -0.054071 -0.998537 0.000000 -0.998537 0.054071 0.000000 0.000000 0.000000 -1.000000 2412b.dat
0 STEP
1 71 5.695000 -94.433900 -20.000000 0.000000 -0.998537 0.054071 0.000000 0.054071 0.998537 -1.000000 0.000000 0.000000 4274.dat
1 71 5.695000 -94.433900 20.000000 0.000000 -0.998537 -0.054071 0.000000 0.054071 -0.998537 1.000000 0.000000 0.000000 4274.dat
0 STEP
1 0 5.695000 -94.433900 28.000000 0.998537 0.000000 0.054071 -0.054071 0.000000 0.998537 0.000000 -1.000000 0.000000 15535.dat
1 0 5.695000 -94.433900 -28.000000 -0.998537 0.000000 0.054071 0.054071 0.000000 0.998537 0.000000 1.000000 0.000000 15535.dat
0 STEP
1 0 -44.457300 -248.715900 -42.000000 0.107983 0.994152 0.000000 0.994152 -0.107984 0.000000 0.000000 0.000000 -1.000000 6536.dat
1 0 -44.924100 -253.010400 42.000000 0.000000 1.000000 0.000000 -1.000000 0.000000 0.000000 0.000000 0.000000 1.000000 6536.dat
0 STEP
1 14 5.695000 -94.433900 140.000000 0.000000 0.054071 -0.998537 0.000000 0.998537 0.054071 1.000000 0.000000 0.000000 32200.dat copy 3
1 14 -77.703900 -86.368190 -139.956100 0.000000 0.054070 0.998537 0.000000 0.998537 -0.054070 -1.000000 0.000000 0.000000 32200.dat copy 5
0 STEP
1 0 5.053400 -254.232900 62.000000 1.000000 0.000000 0.000000 0.000000 0.000000 1.000000 0.000000 -1.000000 0.000000 3960.dat
1 0 4.841500 -254.912700 -63.129400 0.999976 0.006962 -0.000190 -0.000187 -0.000377 -1.000000 -0.006962 0.999976 -0.000375 3960.dat
0 STEP
1 16 52.221400 -239.223200 -31.065900 0.667840 0.000000 0.744306 -0.744306 0.000000 0.667840 0.000000 -1.000000 0.000001 body top front
0 STEP
1 16 -10.962200 -231.878500 0.919900 0.000000 0.850809 0.525475 0.000000 0.525475 -0.850809 -1.000000 0.000000 0.000000 body back shield
0 STEP
1 16 5.781900 -117.535200 -0.040000 0.422617 0.906308 0.000000 0.906308 -0.422617 0.000000 0.000000 0.000000 -1.000000 body bottom shield
0 STEP
1 16 57.111500 -84.741900 0.000000 0.000001 -0.052334 0.998630 0.000001 -0.998630 -0.052334 1.000000 0.000001 -0.000001 head
0 STEP
0 NOFILE
0 FILE 73590b.dat Copy 5
0 Hose, Flexible 8.5L with Tabbed Ends (Ends same color as Tube)
0 Name:  73590c02a
0 Author:  Steve Bliss [sbliss]
0 FlexibleBrick:  73590b.dat
0 NumOfBricks:  55
1 16 -70.000000 0.000000 0.000000 0.000000 -1.000000 0.000000 1.000000 0.000000 0.000000 0.000000 0.000000 1.000000 750.dat
1 16 -66.265300 4.777400 73.271600 0.139272 -0.990254 0.000000 0.990254 0.139272 0.000000 0.000000 0.000000 -1.000000 750.dat
1 16 -70.000000 0.000000 0.000000 0.000000 1.000000 0.000000 -1.000000 0.000000 0.000000 0.000000 0.000000 1.000000 755.dat
1 16 -66.265300 4.777400 73.271600 0.139272 0.990254 0.000000 0.990254 -0.139272 0.000000 0.000000 0.000000 -1.000000 755.dat
1 16 -64.554500 0.007000 0.007700 0.017604 -0.999720 -0.015787 0.000000 -0.015790 0.999875 -0.999845 -0.017602 -0.000278 754.dat
1 16 -61.550300 0.061100 0.076600 0.023393 -0.999558 -0.018310 0.000000 -0.018315 0.999832 -0.999726 -0.023389 -0.000428 754.dat
1 16 -58.549600 0.161000 0.214500 0.047079 -0.998315 -0.033914 0.000000 -0.033951 0.999423 -0.998891 -0.047052 -0.001598 754.dat
1 16 -55.554900 0.302500 0.426100 0.072256 -0.996237 -0.047860 0.000000 -0.047986 0.998848 -0.997386 -0.072173 -0.003467 754.dat
1 16 -52.568900 0.481700 0.716700 0.099287 -0.993227 -0.060354 0.000000 -0.060653 0.998159 -0.995059 -0.099104 -0.006022 754.dat
1 16 -49.594500 0.694700 1.092000 0.128348 -0.989153 -0.071428 0.000000 -0.072023 0.997403 -0.991729 -0.128015 -0.009244 754.dat
1 16 -46.635400 0.938000 1.558000 0.159620 -0.983842 -0.081098 0.000000 -0.082151 0.996620 -0.987178 -0.159080 -0.013113 754.dat
1 16 -43.695700 1.208100 2.121500 0.193284 -0.977065 -0.089364 0.000000 -0.091081 0.995843 -0.981143 -0.192480 -0.017604 754.dat
1 16 -40.780300 1.501600 2.789700 0.229510 -0.968540 -0.096201 0.000000 -0.098839 0.995103 -0.973306 -0.228386 -0.022684 754.dat
1 16 -37.895100 1.815100 3.570200 0.268450 -0.957924 -0.101569 0.000000 -0.105440 0.994426 -0.963293 -0.266954 -0.028305 754.dat
1 16 -35.047100 2.145300 4.470900 0.310216 -0.944804 -0.105408 0.000000 -0.110878 0.993834 -0.950666 -0.308303 -0.034396 754.dat
1 16 -32.244600 2.488800 5.500000 0.354864 -0.928700 -0.107643 0.000000 -0.115136 0.993350 -0.934918 -0.352504 -0.040858 754.dat
1 16 -29.497600 2.842100 6.666000 0.402377 -0.909059 -0.108189 0.000000 -0.118178 0.992992 -0.915474 -0.399557 -0.047552 754.dat
1 16 -26.817500 3.201600 7.976600 0.452627 -0.885261 -0.106966 0.000000 -0.119957 0.992779 -0.891700 -0.449359 -0.054296 754.dat
1 16 -24.217900 3.563400 9.439500 0.505355 -0.856633 -0.103903 0.000000 -0.120409 0.992724 -0.862912 -0.501678 -0.060849 754.dat
1 16 -21.714200 3.923700 11.061200 0.560138 -0.822467 -0.098964 0.000000 -0.119464 0.992838 -0.828399 -0.556126 -0.066916 754.dat
1 16 -19.323800 4.278100 12.846600 0.616367 -0.782046 -0.092169 0.000000 -0.117046 0.993126 -0.787459 -0.612130 -0.072143 754.dat
1 16 -17.066200 4.622400 14.798700 0.673224 -0.734695 -0.083616 0.000000 -0.113081 0.993586 -0.739438 -0.668906 -0.076129 754.dat
1 16 -14.962500 4.951900 16.917900 0.729680 -0.679825 -0.073513 0.000000 -0.107509 0.994204 -0.683789 -0.725451 -0.078447 754.dat
1 16 -13.035400 5.261900 19.201400 0.784499 -0.617004 -0.062195 0.000000 -0.100293 0.994958 -0.620130 -0.780543 -0.078680 754.dat
1 16 -11.308300 5.547600 21.642300 0.836272 -0.546018 -0.050134 0.000000 -0.091432 0.995811 -0.548315 -0.832769 -0.076462 754.dat
1 16 -9.804700 5.804400 24.229700 0.883472 -0.466945 -0.037934 0.000000 -0.080972 0.996716 -0.468484 -0.880571 -0.071537 754.dat
1 16 -8.547400 6.027700 26.948100 0.924526 -0.380210 -0.026304 0.000000 -0.069017 0.997615 -0.381119 -0.922321 -0.063808 754.dat
1 16 -7.557200 6.213600 29.777300 0.957910 -0.286623 -0.016001 0.000000 -0.055740 0.998445 -0.287070 -0.956420 -0.053393 754.dat
1 16 -6.852200 6.358500 32.692900 0.982257 -0.187382 -0.007760 0.000000 -0.041378 0.999143 -0.187543 -0.981415 -0.040643 756.dat
1 16 -6.446500 6.459800 35.666600 0.996460 -0.084043 -0.002206 0.000000 -0.026239 0.999656 -0.084072 -0.996117 -0.026146 754.dat
1 16 -6.349100 6.515800 38.667400 -0.999767 -0.021560 0.000230 0.000000 0.010680 0.999943 -0.021561 0.999710 -0.010677 754.dat
1 16 -6.563900 6.525800 41.662500 -0.991849 -0.127413 -0.000625 0.000000 -0.004903 0.999988 -0.127414 0.991838 0.004863 754.dat
1 16 -7.088700 6.490200 44.618900 -0.972833 -0.231462 -0.004653 0.000000 -0.020097 0.999798 -0.231509 0.972636 0.019552 754.dat
1 16 -7.915800 6.410800 47.504600 -0.943297 -0.331750 -0.011453 0.000000 -0.034501 0.999404 -0.331948 0.942736 0.032545 754.dat
1 16 -9.031899 6.290300 50.289800 -0.904236 -0.426546 -0.020387 0.000000 -0.047740 0.998860 -0.427032 0.903205 0.043169 754.dat
1 16 -10.419600 6.132400 52.948400 -0.856974 -0.514446 -0.030658 0.000000 -0.059488 0.998229 -0.515359 0.855457 0.050980 754.dat
1 16 -12.057600 5.941800 55.458400 -0.803076 -0.594436 -0.041400 0.000000 -0.069477 0.997583 -0.595876 0.801136 0.055796 754.dat
1 16 -13.922300 5.723900 57.802800 -0.744229 -0.665915 -0.051765 0.000000 -0.077501 0.996992 -0.667924 0.741991 0.057679 754.dat
1 16 -15.988800 5.484400 59.969300 -0.682141 -0.728672 -0.060995 0.000000 -0.083416 0.996515 -0.731221 0.679763 0.056901 754.dat
1 16 -18.232000 5.229600 61.950700 -0.618428 -0.782853 -0.068471 0.000000 -0.087130 0.996197 -0.785841 0.616076 0.053884 754.dat
1 16 -20.627400 4.965800 63.744200 -0.554571 -0.828863 -0.073726 0.000000 -0.088599 0.996067 -0.832136 0.552391 0.049135 754.dat
1 16 -23.151800 4.699600 65.350800 -0.491823 -0.867332 -0.076450 0.000000 -0.087803 0.996138 -0.870695 0.489923 0.043184 754.dat
1 16 -25.784200 4.437600 66.775000 -0.431225 -0.898998 -0.076459 0.000000 -0.084743 0.996403 -0.902244 0.429674 0.036544 754.dat
1 16 -28.505300 4.186200 68.023700 -0.373581 -0.924667 -0.073677 0.000000 -0.079428 0.996840 -0.927597 0.372401 0.029673 754.dat
1 16 -31.298400 3.952000 69.105900 -0.319466 -0.945148 -0.068096 0.000000 -0.071862 0.997415 -0.947598 0.318641 0.022958 754.dat
1 16 -34.149100 3.741400 70.032100 -0.269256 -0.961213 -0.059750 0.000000 -0.062041 0.998073 -0.963068 0.268738 0.016705 754.dat
1 16 -37.045000 3.561100 70.813500 -0.223173 -0.973562 -0.048687 0.000000 -0.049947 0.998752 -0.974779 0.222895 0.011147 754.dat
1 16 -39.975600 3.417600 71.461900 -0.181324 -0.982802 -0.034954 0.000000 -0.035543 0.999368 -0.983423 0.181209 0.006445 754.dat
1 16 -42.932300 3.317600 71.989300 -0.143686 -0.989449 -0.018581 0.000000 -0.018776 0.999824 -0.989623 0.143661 0.002698 754.dat
1 16 -45.907700 3.268000 72.407800 -0.110200 -0.993909 0.000424 0.000000 0.000427 1.000000 -0.993909 0.110200 -0.000047 754.dat
